model1 0   46.43665670560536   56.732771891696096   0.4335081022865122  0.017380659547157503
model1 1   42.53373177578557   61.0794168251381   0.4510333079108966  0.015801069439118683
model1 2   55.70044372000362   60.86208457846599   0.44443933006346004  0.016204627948462894
model1 3   25.37353979896767   63.18029520963506   0.4808089947365923  0.016019175318780287
model1 4   47.67726161369193   60.16481028705968   0.45984239855894715  0.01644259560298312
model1 5   34.21171783029974   64.62917685411573   0.4921436708679511  0.01489262340702862
model1 6   29.819795345467714   63.298016843249115   0.4977964059661247  0.01546192826706733
model1 7   27.166530834012498   60.671918862627905   0.5089282045044888  0.015689971968686788
model1 8   30.508014126596034   65.45322828941411   0.5500825533561738  0.014151290702910772
model1 9   32.48211536720094   64.72878746717377   0.5492562109346705  0.01434717689680711
model1 10   23.662048356424883   61.803857647378436   0.5198899443619922  0.015011783157437595
model1 11   41.836457484379245   64.36656705605361   0.5497929081727156  0.014916217565350285
model1 12   29.41229738295753   66.9745540161188   0.5598738480881018  0.013616801941816081
model1 13   30.689124332156116   65.37172869691207   0.5496961297046092  0.013928219504815658
model1 14   29.97373902019379   65.56189441275015   0.5353147420098021  0.01394933537530905
model1 15   32.30100516164086   66.98360952639682   0.559419571323536  0.01353761934710107
model1 16   30.08240514352984   65.54378339219416   0.5680985061975014  0.01383229874409779
model1 17   31.97500679163271   65.33550665580006   0.5660813780707096  0.014014888433198949
model1 18   26.478312052884178   66.95644299556281   0.5694658577178282  0.013860699052655167
model1 19   37.50792357149325   66.3135017658245   0.5892034756005121  0.013867132903092648
model2 0   77.04428144525944   53.34601104772254   0.4429815240554497  0.018332522372928293
model2 1   77.04428144525944   58.61631802952096   0.5349892104533874  0.016058114173861826
model2 2   77.04428144525944   61.006972742914066   0.5536350107597536  0.015078854473446208
model2 3   77.04428144525944   61.69519152404238   0.5874354130502702  0.015246492422348691
model2 4   77.04428144525944   61.69519152404238   0.5804009232081403  0.014922323634939588
model2 5   77.04428144525944   62.03024540432853   0.5586266206467952  0.014858792282024944
model2 6   77.04428144525944   62.89051888073893   0.5957212873656017  0.014535209974661142
model2 7   77.04428144525944   63.2617948021371   0.5959895518399659  0.014461700549752484
model2 8   77.04428144525944   61.86724621932446   0.5935034444088418  0.015157999946316397
model2 9   77.04428144525944   63.41573847686317   0.590246200808122  0.014417669677741392
model2 10   77.04428144525944   63.98623562437743   0.6020278510678315  0.014188734829705132
model2 11   77.04428144525944   63.46101602825319   0.6084300721118017  0.014457392034778763
model2 12   77.04428144525944   63.75079235714932   0.6031374378295307  0.014215184427594714
model2 13   77.04428144525944   63.868513990763375   0.6101187582005547  0.014326903858569278
model2 14   77.04428144525944   64.04962419632346   0.6065989494466933  0.013994703829365397
model2 15   77.04428144525944   63.77795888798333   0.613926902523764  0.01430839787508149
model2 16   77.04428144525944   64.17640134021552   0.6158543154052472  0.014121845307137794
model2 17   77.04428144525944   63.75984786742733   0.6107597035404528  0.014251977610679697
model2 18   77.04428144525944   64.10395725799148   0.6039567900517788  0.014218866175210456
model2 19   77.04428144525944   63.93190256270941   0.6185873831943369  0.014192881552619066
model3 0   47.1610975278457   53.34601104772254   0.40202834253344205  0.018882718001326432
model3 1   46.62682242144345   53.34601104772254   0.432430684068831  0.018525918627723365
model3 2   50.06791632708503   53.34601104772254   0.48428152329339447  0.017865565195335574
model3 3   55.24766820610342   53.34601104772254   0.48229007030306176  0.017857316391594675
model3 4   52.18690573213801   53.34601104772254   0.5016445628582411  0.017700702265035867 
model3 5   54.586615955809116   53.34601104772254   0.4860385667873737  0.017719805749345924
model3 6   47.30598569229376   53.34601104772254   0.4954339612479792  0.017760556999482313
model3 7   56.986326179480216   53.34601104772254   0.5124996809363412  0.01800526824868277
model3 8   49.053699175948566   53.34601104772254   0.4966550186569461  0.017916495072380696
model3 9   55.34727881916146   53.34601104772254   0.5036151159274007  0.017829448518711058
model3 10   53.237344924386484   53.34601104772254   0.49716594195030317  0.01774110286863863
model3 11   54.76772616136919   53.34601104772254   0.4844740365381316  0.017833720543516684
model3 12   53.083401249660426   53.34601104772254   0.5011726034573507  0.017927981840560783
model3 13   52.3770714479761   53.34601104772254   0.5009898351647758  0.018059987663284226
model3 14   55.80910984333968   53.34601104772254   0.4934617310081308  0.018004694151862705
model3 15   51.987684506021914   53.34601104772254   0.4924825095149645  0.018045571940594054
model3 16   54.16100697274291   53.34601104772254   0.5004486810248929  0.017977912559191796
model3 17   50.846690210993394   53.34601104772254   0.4848145193613986  0.018120179688897856
model3 18   58.64348456035498   53.34601104772254   0.500533617926964  0.018106700125705567
model3 19   48.98125509372453   53.34601104772254   0.4919417134501235  0.01811564986121824





